<?xml version='1.0' encoding='UTF-8'?>
<opencv_storage>
    <Sequence version = '2.0'>
        <!-- <CameraCapture loop='2' fps='30.00' pixelFormat='YUYV' >
            <Intrinsics w='640' h='480' fx='506.724396' fy='504.880859' px='319.880646' py='239.459396'
        rd='0.000000,0.000000,0.000000,0.000000,0.000000,0.000000,0.000000,0.000000' />
        </CameraCapture> -->
        <Elements source='camera'>
            <Element timestamp='481771871356193' presTimestamp='481771871356193' >
                <Frame filename='camera_frame_0000.png' > 
                    <Intrinsics w='640' h='480' fx='%s' fy='%s' px='%s' py='%s'
            rd='0.000000,0.000000,0.000000,0.000000,0.000000,0.000000,0.000000,0.000000' />
                </Frame>
                <Pose x='0.138495' y='0.516533' z='-0.281780' r0='%s' r1='%s' r2='%s'
            r3='%s' r4='%s' r5='%s' r6='%s' r7='%s' r8='%s' > 
                    <TrackableStatus validity='VALID' info='VALID' />
                </Pose>
            </Element>
        </Elements>
    </Sequence>
</opencv_storage>